0; 0; 1.000000; 0; 0
0; 1; 1.000000; 100; 100
0; 1; 1.000000; 100; 98
2; 3; 1.000000; 100; 100
3; 5; 1.000000; 100; 95
7; 9; 1.000000; 99; 100
11; 12; 1.000000; 100; 98
16; 16; 1.000000; 100; 98
19; 20; 1.000000; 100; 98
25; 26; 1.000000; 100; 98
29; 29; 1.000000; 100; 94
35; 36; 1.000000; 90; 100
39; 40; 1.000000; 100; 96
45; 46; 1.000000; 100; 96
49; 51; 1.000000; 100; 95
56; 55; 1.000000; 100; 96
60; 62; 1.000000; 100; 95
67; 62; 1.000000; 91; 100
71; 73; 1.000000; 100; 96
78; 80; 1.000000; 100; 100
83; 85; 1.000000; 100; 96
87; 91; 1.000000; 100; 99
94; 96; 1.000000; 100; 96
101; 103; 1.000000; 100; 96
108; 110; 1.000000; 100; 94
115; 117; 1.000000; 100; 95
122; 124; 1.000000; 100; 96
126; 128; 1.000000; 100; 90
134; 133; 1.000000; 95; 100
138; 140; 1.000000; 100; 96
145; 147; 1.000000; 100; 96
152; 154; 1.000000; 93; 100
157; 159; 1.000000; 100; 85
164; 166; 1.000000; 100; 96
168; 170; 1.000000; 100; 96
175; 177; 1.000000; 100; 96
180; 182; 1.000000; 100; 93
187; 189; 1.000000; 91; 100
192; 191; 1.000000; 95; 100
199; 198; 1.000000; 100; 96
206; 208; 1.000000; 100; 93
213; 215; 1.000000; 100; 99
215; 219; 1.000000; 100; 90
224; 227; 1.000000; 100; 93
229; 231; 1.000000; 100; 100
236; 238; 1.000000; 100; 100
241; 243; 1.000000; 97; 100
248; 250; 1.000000; 100; 97
252; 255; 1.000000; 100; 91
259; 262; 1.000000; 100; 93
264; 266; 1.000000; 100; 100
271; 273; 1.000000; 100; 97
276; 278; 1.000000; 100; 93
283; 285; 1.000000; 100; 96
288; 290; 1.000000; 100; 94
295; 297; 1.000000; 100; 96
300; 299; 1.000000; 95; 100
307; 309; 1.000000; 100; 96
311; 311; 1.000000; 100; 96
318; 318; 1.000000; 99; 100
323; 325; 1.000000; 100; 96
330; 332; 1.000000; 99; 100
335; 337; 1.000000; 100; 93
342; 344; 1.000000; 100; 93
347; 348; 1.000000; 100; 100
352; 355; 1.000000; 100; 99
359; 360; 1.000000; 100; 99
366; 367; 1.000000; 97; 100
370; 372; 1.000000; 99; 100
375; 377; 1.000000; 100; 95
382; 384; 1.000000; 100; 95
389; 391; 1.000000; 100; 92
394; 395; 1.000000; 100; 98
401; 403; 1.000000; 100; 98
404; 407; 1.000000; 100; 98
413; 412; 1.000000; 97; 100
420; 419; 1.000000; 100; 96
425; 426; 1.000000; 94; 100
430; 431; 1.000000; 100; 99
437; 438; 1.000000; 100; 95
442; 443; 1.000000; 100; 99
449; 450; 1.000000; 100; 95
453; 455; 1.000000; 100; 95
460; 462; 1.000000; 100; 88
463; 467; 1.000000; 100; 88
470; 474; 1.000000; 100; 98
477; 479; 1.000000; 100; 92
482; 486; 1.000000; 100; 98
489; 491; 1.000000; 100; 95
496; 498; 1.000000; 100; 89
501; 503; 1.000000; 100; 93
508; 509; 1.000000; 100; 89
513; 514; 1.000000; 100; 99
520; 521; 1.000000; 100; 92
525; 526; 1.000000; 100; 99
532; 533; 1.000000; 100; 96
536; 538; 1.000000; 93; 100
539; 545; 1.000000; 100; 86
548; 550; 1.000000; 100; 95
556; 557; 1.000000; 93; 100
560; 562; 1.000000; 100; 92
565; 567; 1.000000; 100; 96
572; 574; 1.000000; 100; 95
579; 576; 1.000000; 96; 100
584; 586; 1.000000; 100; 96
591; 593; 1.000000; 100; 96
593; 597; 1.000000; 100; 89
603; 605; 1.000000; 93; 100
607; 609; 1.000000; 100; 93
615; 614; 1.000000; 100; 96
619; 621; 1.000000; 100; 96
626; 626; 1.000000; 100; 96
631; 633; 1.000000; 100; 96
638; 635; 1.000000; 100; 96
643; 645; 1.000000; 100; 96
648; 652; 1.000000; 100; 96
655; 657; 1.000000; 100; 96
662; 661; 1.000000; 100; 96
667; 668; 1.000000; 100; 99
669; 675; 1.000000; 100; 89
679; 680; 1.000000; 100; 99
686; 683; 1.000000; 99; 100
688; 692; 1.000000; 100; 89
698; 697; 1.000000; 100; 94
700; 704; 1.000000; 100; 88
710; 711; 1.000000; 100; 99
714; 716; 1.000000; 100; 88
722; 723; 1.000000; 100; 97
726; 728; 1.000000; 100; 94
733; 735; 1.000000; 100; 90
738; 740; 1.000000; 100; 92
746; 747; 1.000000; 100; 97
750; 747; 1.000000; 93; 100
755; 759; 1.000000; 100; 88
762; 763; 1.000000; 100; 97
769; 771; 1.000000; 100; 94
774; 775; 1.000000; 100; 97
781; 783; 1.000000; 100; 94
786; 787; 1.000000; 100; 95
793; 795; 1.000000; 100; 94
798; 799; 1.000000; 100; 99
805; 806; 1.000000; 100; 89
807; 811; 1.000000; 100; 89
812; 816; 1.000000; 100; 86
822; 823; 1.000000; 100; 99
829; 828; 1.000000; 100; 94
834; 835; 1.000000; 100; 100
841; 842; 1.000000; 93; 100
848; 849; 1.000000; 100; 93
855; 857; 1.000000; 100; 94
862; 864; 1.000000; 100; 98
867; 866; 1.000000; 96; 100
871; 873; 1.000000; 100; 90
879; 880; 1.000000; 100; 98
883; 885; 1.000000; 100; 94
891; 892; 1.000000; 100; 95
895; 897; 1.000000; 99; 100
902; 904; 1.000000; 100; 95
907; 909; 1.000000; 100; 95
914; 916; 1.000000; 100; 95
919; 921; 1.000000; 100; 99
926; 928; 1.000000; 100; 92
931; 933; 1.000000; 100; 94
938; 937; 1.000000; 97; 100
943; 945; 1.000000; 100; 92
950; 952; 1.000000; 100; 89
955; 957; 1.000000; 100; 95
960; 964; 1.000000; 100; 88
967; 968; 1.000000; 100; 97
974; 975; 1.000000; 100; 97
979; 980; 1.000000; 100; 94
986; 985; 1.000000; 97; 100
991; 992; 1.000000; 100; 98
993; 999; 1.000000; 100; 85
1003; 1004; 1.000000; 95; 100
1010; 1009; 1.000000; 98; 100
1015; 1016; 1.000000; 86; 100
1022; 1023; 1.000000; 100; 96
1027; 1028; 1.000000; 94; 100
1034; 1032; 1.000000; 94; 100
1038; 1039; 1.000000; 100; 99
1046; 1047; 1.000000; 100; 97
1050; 1051; 1.000000; 100; 97
1055; 1059; 1.000000; 94; 100
1062; 1063; 1.000000; 100; 91
1069; 1071; 1.000000; 100; 94
1074; 1075; 1.000000; 100; 100
1081; 1083; 1.000000; 100; 94
1086; 1087; 1.000000; 100; 100
1093; 1095; 1.000000; 100; 94
1098; 1097; 1.000000; 98; 100
1105; 1104; 1.000000; 98; 100
1110; 1111; 1.000000; 100; 97
1117; 1118; 1.000000; 100; 97
1122; 1123; 1.000000; 90; 100
1129; 1128; 1.000000; 98; 100
1134; 1128; 1.000000; 86; 100
1141; 1142; 1.000000; 100; 98
1141; 1147; 1.000000; 100; 85
1152; 1154; 1.000000; 100; 92
1157; 1159; 1.000000; 100; 95
1164; 1166; 1.000000; 100; 94
1169; 1171; 1.000000; 100; 95
1176; 1178; 1.000000; 100; 95
1181; 1183; 1.000000; 100; 95
1188; 1190; 1.000000; 100; 100
1193; 1195; 1.000000; 100; 95
1200; 1202; 1.000000; 100; 94
1205; 1206; 1.000000; 94; 100
1212; 1206; 1.000000; 88; 100
1217; 1218; 1.000000; 100; 97
1222; 1223; 1.000000; 100; 97
1229; 1230; 1.000000; 98; 100
1236; 1237; 1.000000; 100; 97
1241; 1242; 1.000000; 100; 97
1248; 1249; 1.000000; 98; 100
1253; 1254; 1.000000; 100; 97
1260; 1261; 1.000000; 100; 96
1265; 1266; 1.000000; 100; 95
1272; 1273; 1.000000; 100; 94
1277; 1278; 1.000000; 100; 97
1282; 1282; 1.000000; 100; 99
1289; 1289; 1.000000; 100; 100
1296; 1297; 1.000000; 100; 96
1301; 1302; 1.000000; 95; 100
1308; 1309; 1.000000; 100; 100
1315; 1316; 1.000000; 100; 97
1320; 1321; 1.000000; 100; 97
1325; 1326; 1.000000; 100; 97
1332; 1333; 1.000000; 100; 97
1337; 1338; 1.000000; 100; 97
1344; 1345; 1.000000; 100; 97
1349; 1348; 1.000000; 100; 97
1356; 1357; 1.000000; 100; 97
1361; 1362; 1.000000; 100; 97
1368; 1369; 1.000000; 100; 97
1373; 1374; 1.000000; 100; 97
1380; 1381; 1.000000; 100; 97
1385; 1386; 1.000000; 100; 97
1392; 1393; 1.000000; 100; 97
1397; 1398; 1.000000; 100; 97
1405; 1405; 1.000000; 100; 100
1409; 1410; 1.000000; 100; 97
1417; 1417; 1.000000; 95; 100
1424; 1425; 1.000000; 100; 96
1429; 1429; 1.000000; 88; 100
1436; 1437; 1.000000; 100; 99
1441; 1441; 1.000000; 100; 100
1448; 1449; 1.000000; 100; 96
1453; 1453; 1.000000; 100; 100
1460; 1461; 1.000000; 100; 96
1465; 1465; 1.000000; 99; 100
1472; 1472; 1.000000; 100; 99
1477; 1477; 1.000000; 100; 99
1477; 1485; 1.000000; 100; 93
1489; 1489; 1.000000; 96; 100
1494; 1497; 1.000000; 100; 99
1501; 1501; 1.000000; 100; 97
1508; 1506; 1.000000; 100; 95
1513; 1513; 1.000000; 100; 93
1520; 1521; 1.000000; 96; 100
1525; 1525; 1.000000; 99; 100
1527; 1533; 1.000000; 100; 91
1537; 1537; 1.000000; 100; 99
1542; 1545; 1.000000; 100; 100
1549; 1545; 1.000000; 92; 100
1556; 1557; 1.000000; 95; 100
1561; 1561; 1.000000; 100; 100
1568; 1566; 1.000000; 100; 100
1573; 1574; 1.000000; 100; 97
1580; 1578; 1.000000; 99; 100
1585; 1586; 1.000000; 100; 97
1592; 1591; 1.000000; 100; 87
1594; 1598; 1.000000; 100; 87
1602; 1603; 1.000000; 100; 97
1609; 1610; 1.000000; 100; 97
1614; 1615; 1.000000; 100; 97
1621; 1622; 1.000000; 100; 99
1628; 1629; 1.000000; 100; 97
1633; 1634; 1.000000; 100; 96
1638; 1639; 1.000000; 100; 96
1645; 1646; 1.000000; 100; 96
1652; 1653; 1.000000; 100; 99
1657; 1658; 1.000000; 100; 96
1665; 1665; 1.000000; 100; 81
1670; 1670; 1.000000; 100; 99
1677; 1670; 1.000000; 92; 100
1682; 1682; 1.000000; 100; 99
1686; 1689; 1.000000; 100; 98
1693; 1694; 1.000000; 100; 97
1701; 1701; 1.000000; 100; 87
1703; 1706; 1.000000; 100; 97
1710; 1711; 1.000000; 100; 97
1715; 1718; 1.000000; 100; 90
1725; 1725; 1.000000; 99; 100
1730; 1730; 1.000000; 95; 100
1737; 1737; 1.000000; 100; 97
1739; 1742; 1.000000; 100; 90
1749; 1749; 1.000000; 98; 100
1751; 1754; 1.000000; 100; 97
1761; 1761; 1.000000; 100; 100
1766; 1766; 1.000000; 100; 100
1773; 1771; 1.000000; 100; 96
1778; 1778; 1.000000; 100; 99
1783; 1786; 1.000000; 100; 100
1790; 1791; 1.000000; 100; 95
1795; 1798; 1.000000; 100; 100
1802; 1803; 1.000000; 100; 95
1809; 1810; 1.000000; 100; 97
1814; 1815; 1.000000; 100; 95
1822; 1822; 1.000000; 100; 95
1826; 1825; 1.000000; 98; 100
1834; 1834; 1.000000; 96; 100
1839; 1839; 1.000000; 100; 100
1846; 1847; 1.000000; 100; 95
1851; 1851; 1.000000; 99; 100
1858; 1859; 1.000000; 100; 90
1863; 1863; 1.000000; 100; 90
1870; 1868; 1.000000; 99; 100
1875; 1876; 1.000000; 100; 97
1882; 1883; 1.000000; 100; 97
1887; 1888; 1.000000; 100; 97
1894; 1890; 1.000000; 96; 100
1899; 1900; 1.000000; 100; 95
1907; 1905; 1.000000; 100; 95
1911; 1912; 1.000000; 100; 95
1919; 1919; 1.000000; 100; 95
1924; 1924; 1.000000; 100; 96
1931; 1931; 1.000000; 100; 89
1936; 1936; 1.000000; 100; 100
1943; 1939; 1.000000; 95; 100
1948; 1948; 1.000000; 100; 100
1955; 1951; 1.000000; 93; 100
1960; 1961; 1.000000; 100; 97
1967; 1968; 1.000000; 100; 90
1972; 1970; 1.000000; 96; 100
1979; 1980; 1.000000; 100; 97
1984; 1985; 1.000000; 100; 95
1991; 1987; 1.000000; 93; 100
1996; 1997; 1.000000; 100; 97
2003; 1999; 1.000000; 100; 93
2008; 2007; 1.000000; 98; 100
2015; 2016; 1.000000; 100; 94
2020; 2021; 1.000000; 100; 97
2027; 2028; 1.000000; 100; 97
2032; 2028; 1.000000; 89; 100
2040; 2040; 1.000000; 100; 100
2044; 2045; 1.000000; 100; 99
2049; 2053; 1.000000; 100; 87
2056; 2057; 1.000000; 100; 96
2064; 2065; 1.000000; 100; 96
2066; 2069; 1.000000; 100; 90
2076; 2077; 1.000000; 100; 96
2081; 2081; 1.000000; 100; 97
2088; 2089; 1.000000; 100; 94
2093; 2093; 1.000000; 99; 100
2100; 2100; 1.000000; 100; 98
2112; 2113; 1.000000; 100; 96
2117; 2117; 1.000000; 100; 100
2124; 2125; 1.000000; 100; 93
2129; 2129; 1.000000; 95; 100
2134; 2137; 1.000000; 100; 89
2141; 2142; 1.000000; 100; 94
2148; 2146; 1.000000; 96; 100
2153; 2146; 1.000000; 86; 100
2160; 2161; 1.000000; 100; 96
2165; 2161; 1.000000; 91; 100
2172; 2173; 1.000000; 100; 96
2177; 2178; 1.000000; 100; 96
2184; 2185; 1.000000; 98; 100
2189; 2190; 1.000000; 100; 94
2196; 2197; 1.000000; 100; 96
2201; 2202; 1.000000; 93; 100
2208; 2209; 1.000000; 100; 100
2213; 2214; 1.000000; 100; 96
2220; 2221; 1.000000; 100; 96
2225; 2226; 1.000000; 100; 100
2232; 2233; 1.000000; 100; 99
2237; 2235; 1.000000; 96; 100
2245; 2245; 1.000000; 100; 100
2247; 2250; 1.000000; 100; 96
2257; 2257; 1.000000; 100; 100
2262; 2262; 1.000000; 87; 100
2269; 2269; 1.000000; 100; 100
2274; 2274; 1.000000; 100; 100
2281; 2281; 1.000000; 100; 100
2286; 2286; 1.000000; 100; 100
2293; 2293; 1.000000; 100; 98
2298; 2296; 1.000000; 95; 100
2305; 2306; 1.000000; 100; 93
2310; 2311; 1.000000; 100; 95
2317; 2318; 1.000000; 100; 89
2322; 2323; 1.000000; 100; 95
2329; 2328; 1.000000; 98; 100
2334; 2335; 1.000000; 100; 100
2342; 2342; 1.000000; 100; 96
2346; 2349; 1.000000; 100; 90
2354; 2354; 1.000000; 89; 100
2359; 2359; 1.000000; 100; 100
2366; 2366; 1.000000; 100; 100
2371; 2371; 1.000000; 87; 100
2373; 2378; 1.000000; 100; 92
2383; 2378; 1.000000; 89; 100
2388; 2390; 1.000000; 100; 92
2395; 2395; 1.000000; 100; 100
2400; 2403; 1.000000; 100; 89
2407; 2407; 1.000000; 99; 100
2414; 2415; 1.000000; 100; 99
2419; 2419; 1.000000; 100; 100
2426; 2427; 1.000000; 96; 100
2431; 2431; 1.000000; 100; 98
2438; 2439; 1.000000; 100; 93
2443; 2443; 1.000000; 100; 96
2451; 2451; 1.000000; 100; 100
2458; 2458; 1.000000; 100; 93
2463; 2463; 1.000000; 100; 98
2467; 2468; 1.000000; 100; 97
2475; 2475; 1.000000; 85; 100
2480; 2480; 1.000000; 100; 98
2487; 2487; 1.000000; 100; 100
2492; 2492; 1.000000; 100; 100
2499; 2499; 1.000000; 100; 100
2504; 2504; 1.000000; 95; 100
2511; 2511; 1.000000; 100; 97
2516; 2511; 1.000000; 87; 100
2523; 2524; 1.000000; 100; 96
2528; 2529; 1.000000; 95; 100
2535; 2536; 1.000000; 96; 100
2540; 2541; 1.000000; 100; 89
2547; 2550; 1.000000; 100; 96
2554; 2555; 1.000000; 99; 100
2559; 2560; 1.000000; 100; 95
2567; 2567; 1.000000; 100; 96
2572; 2572; 1.000000; 100; 98
2579; 2579; 1.000000; 95; 100
2584; 2584; 1.000000; 100; 96
2591; 2591; 1.000000; 100; 99
2596; 2596; 1.000000; 100; 86
2603; 2603; 1.000000; 92; 100
2608; 2603; 1.000000; 90; 100
2615; 2615; 1.000000; 100; 98
2620; 2620; 1.000000; 100; 98
2627; 2628; 1.000000; 100; 93
2629; 2633; 1.000000; 100; 96
2639; 2640; 1.000000; 100; 95
2644; 2645; 1.000000; 100; 95
2649; 2652; 1.000000; 100; 89
2656; 2657; 1.000000; 100; 99
2663; 2664; 1.000000; 100; 93
2668; 2669; 1.000000; 100; 93
2676; 2676; 1.000000; 100; 99
2680; 2681; 1.000000; 100; 96
2688; 2688; 1.000000; 100; 99
2692; 2693; 1.000000; 100; 93
2700; 2700; 1.000000; 100; 99
2705; 2705; 1.000000; 95; 100
2712; 2710; 1.000000; 95; 100
2717; 2717; 1.000000; 100; 99
2724; 2725; 1.000000; 100; 95
2729; 2729; 1.000000; 99; 100
2736; 2737; 1.000000; 100; 93
2741; 2739; 1.000000; 100; 96
2748; 2749; 1.000000; 100; 95
2753; 2754; 1.000000; 100; 99
2760; 2761; 1.000000; 100; 96
2765; 2766; 1.000000; 100; 89
